00100011
00100000
00000000
00000011
00100011
00100001
00100000
00001000
00000000
01000010
00000000
00000010
00000000
01100011
00000000
00000011
00100011
00100010
00000000
00000000
00000000
00011001
00011000
00100000
00100000
01000010
00000000
00000001
00000000
01000100
00011000
11011010
00010000
00000001
00000000
01100000
00010000
01000011
00000000
01011100
00010000
10011001
00000000
01000000
00001000
00000000
00000000
00011000
00100000
00000000
00000000
00000001
00001000
00000000
00000000
00001000
00000000
01011001
00101000
00100000
00010000
10100011
00000000
01001000
00001000
00000000
00000000
00011000
00000000
11000110
00000000
00000110
00000000
01011001
00110000
00100000
00001000
00000000
00000000
00111000
00000000
10100101
00000000
00000101
00001000
00000000
00000000
00111000
01110000
00100010
01010000
00000010
